vietnews:
  gpt-4:
    BS: -0.008723864331841469
    BS_std: 0.0
    Cp: 31.455664227250683
    Cp_std: 6.624507189239335
    Cv: 0.731389300667393
    Cv_std: 0.02177386105957535
    De: 3.161287787294974
    De_std: 0.16628014842300565
    R1: 0.4043713235337605
    R1_std: 0.017092429345120508
    R2: 0.1942325263216066
    R2_std: 0.02393157024853837
    RL: 0.27886648841331063
    RL_std: 0.03331778540210828
    SC: 0.24242219924926756
    SC_std: 0.031127548217773443
